%YAML:1.0
---
imagepoints: [
    643.33, 643.33,
    486.66, 581.33,
    612.66, 524.00,
    760.66, 563.33 ]
worldpoints: [
    1.60, 1.60, 00.00,
    2.40, 1.60, 00.00,
    2.40, 2.40, 00.00,    
    1.60, 2.40, 00.00 ]